231 9542 9542
0 1 0 7974 2336 48 0
1 1 2912 7894 1504 48 0
2 1 3504 8454 576 32 0
3 1 2944 8454 208 16 0
4 1 2944 8566 80 16 0
5 1 3184 8854 1360 16 0
6 1 4464 7878 1104 32 0
7 3 2850 9537 100 1060 0
8 2 4176 8558 8 416 0
9 2 3088 9006 8 320 0
10 3 0 9542 8 1616 0
11 3 9536 9542 8 1720 0
12 1 5632 7894 3080 48 0
13 1 8984 7998 560 40 0
14 1 9208 8294 160 16 0
15 1 8600 8374 184 16 0
16 2 9424 8510 8 288 0
17 1 5128 8254 360 8 0
18 1 5472 8134 208 8 0
19 1 4488 8094 72 8 0
20 24 4848 8254 280 72 0
21 24 4552 8190 320 96 0
22 24 8616 7998 368 104 0
23 24 4848 8014 416 136 1
24 24 4560 8094 304 88 1
25 1 7976 8454 168 8 0
26 1 6112 8334 1616 8 0
27 1 5600 8494 552 8 0
28 1 5264 8534 368 8 0
29 1 5616 8814 768 8 0
30 1 6368 8734 752 8 0
31 2 5392 9190 8 464 0
32 1 5024 9134 272 8 0
33 1 5480 9134 168 8 0
34 3 5016 9542 32 416 0
35 24 5560 8534 72 40 1
36 24 7680 8454 296 120 0
37 1 7000 9254 216 8 0
38 1 5936 9134 384 8 0
39 6 8776 9334 280 8 0
40 1 8576 9398 136 8 0
41 27 928 7990 232 64 0
42 27 1664 7990 232 64 0
43 27 2024 7990 224 64 0
44 27 4032 7910 232 64 0
45 27 6152 7910 280 64 0
46 10 3048 8022 656 128 0
47 8 1160 8022 504 48 1
48 9 1624 8022 672 48 1
49 9 3248 8918 160 64 1
50 10 4048 8926 408 72 1
51 10 5520 8182 128 48 1
52 9 6080 7950 480 56 1
53 11 5008 8686 160 432 0
54 11 3664 8302 168 408 0
55 11 3472 9174 144 320 0
56 11 3888 9174 160 320 0
57 11 4208 9174 176 320 0
58 11 7536 8214 104 320 0
59 11 7888 8214 104 320 0
60 11 8016 8294 120 400 0
61 9 8272 7942 288 48 1
62 10 9064 8054 456 56 1
63 12 8296 8630 760 256 0
64 10 7976 8518 128 64 0
65 9 7200 8390 480 56 0
66 10 6344 8398 152 64 0
67 11 6608 8654 120 320 0
68 8 5376 8590 240 56 0
69 10 5808 8550 232 56 0
70 12 4832 9230 680 96 0
71 12 5704 9214 480 80 1
72 9 5736 8870 240 56 1
73 10 6552 8798 400 64 1
74 10 9040 9078 288 64 1
75 9 8848 9070 208 56 1
76 10 3744 8518 256 64 0
77 11 3656 8734 144 280 0
78 11 3888 8734 144 280 0
79 6 8816 8774 608 8 1
80 16 960 8182 8 8 0
81 16 1024 8222 8 8 0
82 16 1088 8182 8 8 0
83 16 1696 8182 8 8 0
84 16 1760 8222 8 8 0
85 16 1824 8182 8 8 0
86 16 2048 8182 8 8 0
87 16 2112 8222 8 8 0
88 16 2176 8182 8 8 0
89 16 3040 8342 8 8 0
90 16 3104 8302 8 8 0
91 16 3136 8222 8 8 0
92 16 3296 8142 8 8 0
93 16 3360 8182 8 8 0
94 16 3424 8142 8 8 0
95 16 3488 8182 8 8 0
96 16 3552 8142 8 8 0
97 16 4000 8182 8 8 0
98 16 4000 8262 8 8 0
99 16 4064 8342 8 8 0
100 16 4224 8342 8 8 0
101 16 3520 8622 8 8 0
102 16 3136 8622 8 8 0
103 16 2976 8782 8 8 0
104 16 2976 8862 8 8 0
105 16 2976 8942 8 8 0
106 16 3008 9022 8 8 0
107 16 3552 9062 8 8 0
108 16 3616 9102 8 8 0
109 16 3680 9062 8 8 0
110 16 3968 9062 8 8 0
111 16 4032 9102 8 8 0
112 16 4096 9062 8 8 0
113 16 4576 9062 8 8 0
114 16 4640 9062 8 8 0
115 16 4704 8982 8 8 0
116 16 4720 8846 8 8 0
117 16 4720 8726 8 8 0
118 16 4720 8606 8 8 0
119 16 4720 8526 8 8 0
120 16 4720 8406 8 8 0
121 16 4544 8262 8 8 0
122 16 4512 8222 8 8 0
123 16 4576 8222 8 8 0
124 16 4864 8302 8 8 0
125 16 4832 8102 8 8 0
126 16 5056 8062 8 8 0
127 19 4664 7958 8 8 0
128 21 4768 7950 8 8 0
129 19 5400 7998 8 8 0
130 19 5304 7998 8 8 0
131 16 5760 8342 8 8 0
132 16 5760 8222 8 8 0
133 16 5760 8102 8 8 0
134 16 6208 8102 8 8 0
135 16 6272 8142 8 8 0
136 16 6336 8102 8 8 0
137 16 6688 8102 8 8 0
138 16 6752 8142 8 8 0
139 16 6816 8102 8 8 0
140 10 7216 7926 312 32 0
141 16 7008 8102 8 8 0
142 16 7072 8142 8 8 0
143 16 7136 8102 8 8 0
144 16 7680 8102 8 8 0
145 16 7744 8142 8 8 0
146 16 7808 8102 8 8 0
147 16 7712 8542 8 8 0
148 16 8192 8102 8 8 0
149 16 8256 8142 8 8 0
150 16 8320 8102 8 8 0
151 16 8224 8462 8 8 0
152 16 8416 8502 8 8 0
153 16 9280 8542 8 8 0
154 16 9120 8662 8 8 0
155 16 9024 8702 8 8 0
156 16 8928 8662 8 8 0
157 16 7872 8662 8 8 0
158 16 7808 8622 8 8 0
159 16 7072 8542 8 8 0
160 16 7008 8582 8 8 0
161 16 6944 8542 8 8 0
162 16 6848 8542 8 8 0
163 16 6784 8582 8 8 0
164 16 6720 8542 8 8 0
165 13 5648 8542 288 48 0
166 16 5856 8702 8 8 0
167 16 5792 8742 8 8 0
168 16 5728 8702 8 8 0
169 19 5272 8878 8 8 0
170 19 5272 8950 8 8 0
171 16 5280 9022 8 8 0
172 16 5728 8982 8 8 0
173 16 5760 9022 8 8 0
174 16 5792 8982 8 8 0
175 19 5216 9326 8 8 0
176 19 6008 9318 8 8 0
177 19 6072 9278 8 8 0
178 19 6136 9318 8 8 0
179 21 6080 9350 8 8 0
180 16 6688 9422 8 8 0
181 16 6624 9382 8 8 0
182 16 6592 9302 8 8 0
183 16 7232 9102 8 8 0
184 16 7616 9422 8 8 0
185 16 7680 9462 8 8 0
186 16 7744 9422 8 8 0
187 16 8576 9502 8 8 0
188 16 8640 9462 8 8 0
189 16 8704 9502 8 8 0
190 16 8640 9542 8 8 0
191 12 2232 8198 856 112 1
192 12 4648 8350 832 120 1
193 16 4288 8262 8 8 0
194 16 4288 8182 8 8 0
195 17 4904 8254 56 40 0
196 7 3072 7998 120 80 0
197 18 3264 8566 8 8 0
198 18 4512 8022 8 8 0
199 18 8320 8606 8 8 0
200 18 5088 9342 8 8 0
201 18 6240 9006 8 8 0
202 23 5392 8342 40 88 0
203 25 8216 8374 64 40 0
204 25 8408 8414 64 40 0
205 23 7344 9102 40 80 0
206 23 6992 8422 40 80 0
207 11 3568 8374 120 480 0
208 24 2248 8134 552 160 0
209 3 4376 8854 112 976 0
210 3 5536 8134 104 256 0
211 3 6040 8494 80 160 0
212 3 6328 8814 48 80 0
213 3 5536 9134 104 320 0
214 3 5208 9134 80 600 0
215 3 7096 9254 112 520 0
216 3 8576 9398 136 384 0
217 3 8616 9398 64 384 0
218 1 7208 9014 2328 8 0
219 1 2800 8134 192 8 0
220 3 2848 8134 104 240 0
221 9 6728 7926 296 32 1
222 17 6096 8534 56 40 0
223 26 8456 9166 88 8 0
224 26 6896 8910 80 8 0
225 26 6920 9110 80 8 0
226 17 3968 8494 64 40 0
227 21 6464 8590 8 8 0
228 25 3256 8454 64 40 0
229 3 6288 9542 48 416 0
230 15 7768 9182 144 168 0
1 0 9542 9542
10 0 9542 4771
100 0 9542 2385
1000 0 9542 1192 10
1001 1192 9542 1193
1002 0 8350 1192
10020 0 8350 596
100200 0 8350 298 10
100201 298 8350 298
100202 0 8052 298 0 10
100203 298 8052 298 0
10021 596 8350 596
100210 596 8350 298
100211 894 8350 298 80 81 82
100212 596 8052 298 0
100213 894 8052 298 0 41 47
10022 0 7754 596
10023 596 7754 596
1003 1192 8350 1193
10030 1192 8350 596
100300 1192 8350 298
100301 1490 8350 298 83 84
100302 1192 8052 298 0 47
100303 1490 8052 298 0 42 47 48
10031 1788 8350 597
100310 1788 8350 298 85 86
100311 2086 8350 299 87 88 191 208
100312 1788 8052 298 0 42 43 48
100313 2086 8052 299 0 43 48 208
10032 1192 7754 596
10033 1788 7754 597
101 2385 9542 2386
1010 2385 9542 1193
10100 2385 9542 596 7
10101 2981 9542 597
101010 2981 9542 298
101011 3279 9542 299
101012 2981 9244 298 9 106
101013 3279 9244 299 55 107
10102 2385 8946 596
101020 2385 8946 298
101021 2683 8946 298 7 103 104 105
101022 2385 8648 298
101023 2683 8648 298 3 4 7
10103 2981 8946 597
101030 2981 8946 298 5 9 49 103 104 105
101031 3279 8946 299 5 49 55
101032 2981 8648 298 3 4 102 197 228
101033 3279 8648 299 2 101 207 228
1011 3578 9542 1193
10110 3578 9542 596
101100 3578 9542 298
101101 3876 9542 298
101102 3578 9244 298 55 108 109
101103 3876 9244 298 56 110 111 112
10111 4174 9542 597
101110 4174 9542 298
101111 4472 9542 299
101112 4174 9244 298 57
101113 4472 9244 299 113 114 115
10112 3578 8946 596
101120 3578 8946 298 5 55 77
101121 3876 8946 298 5 50 56 78
101122 3578 8648 298 2 76 77 207
101123 3876 8648 298 2 76 78 226
10113 4174 8946 597
101130 4174 8946 298 5 50 57 209
101131 4472 8946 299 5 116 117 209
101132 4174 8648 298 8 209
101133 4472 8648 299 118 119 120 192 209
1012 2385 8350 1193
10120 2385 8350 596
101200 2385 8350 298 191 208
101201 2683 8350 298 191 208 219 220
101202 2385 8052 298 208
101203 2683 8052 298 1 208 220
10121 2981 8350 597
101210 2981 8350 298 89 90 91 191 219
101211 3279 8350 299 92 93 94 95 96 207
101212 2981 8052 298 1 46 196
101213 3279 8052 299 1 46 207
10122 2385 7754 596
10123 2981 7754 597
1013 3578 8350 1193
10130 3578 8350 596
101300 3578 8350 298 54 207
101301 3876 8350 298 97 98 99
101302 3578 8052 298 1 46 54 207
101303 3876 8052 298 1 44
10131 4174 8350 597
101310 4174 8350 298 8 100 193 194 209
101311 4472 8350 299 19 21 24 121 122 123 192 209
101312 4174 8052 298 1 6 44 209
101313 4472 8052 299 6 24 127 128 198 209
10132 3578 7754 596
10133 4174 7754 597
102 0 7157 2385
103 2385 7157 2386
11 4771 9542 4771
110 4771 9542 2385
1100 4771 9542 1192
11000 4771 9542 596
110000 4771 9542 298 34
110001 5069 9542 298 175 200
110002 4771 9244 298 32 34 70
110003 5069 9244 298 32 70 170 171 214
11001 5367 9542 596
110010 5367 9542 298
110011 5665 9542 298
110012 5367 9244 298 31 33 70 213
110013 5665 9244 298 38 71 172 173 174
11002 4771 8946 596
110020 4771 8946 298 53
110021 5069 8946 298 53 169 170 214
110022 4771 8648 298 53 192
110023 5069 8648 298 28 53 192 214
11003 5367 8946 596
110030 5367 8946 298 29 31 213
110031 5665 8946 298 29 72 166 167 168
110032 5367 8648 298 27 28 35 68 165 192
110033 5665 8648 298 27 69 165
1101 5963 9542 1193
11010 5963 9542 596
110100 5963 9542 298 176 177 178 179
110101 6261 9542 298 229
110102 5963 9244 298 38 71 201
110103 6261 9244 298 38 229
11011 6559 9542 597
110110 6559 9542 298 180 181 182
110111 6857 9542 299 37 215
110112 6559 9244 298
110113 6857 9244 299 215 225
11012 5963 8946 596
110120 5963 8946 298 29 72
110121 6261 8946 298 29 30 73 212
110122 5963 8648 298 27 69 211 222
110123 6261 8648 298 66 227
11013 6559 8946 597
110130 6559 8946 298 30 67 73
110131 6857 8946 299 30 73 215 224
110132 6559 8648 298 67 162 163 164
110133 6857 8648 299 159 160 161 206
1102 4771 8350 1192
11020 4771 8350 596
110200 4771 8350 298 20 21 24 53 124 125 126 192 195
110201 5069 8350 298 17 20 53 192
110202 4771 8052 298 6 23 24 128
110203 5069 8052 298 6 23 130
11021 5367 8350 596
110210 5367 8350 298 17 18 51 192 202 210
110211 5665 8350 298 18 131 132 133
110212 5367 8052 298 6 12 129 210
110213 5665 8052 298 12
11022 4771 7754 596
11023 5367 7754 596
1103 5963 8350 1193
11030 5963 8350 596
110300 5963 8350 298 26 134 211
110301 6261 8350 298 26 66 135 136
110302 5963 8052 298 12 45 52
110303 6261 8052 298 12 45 52
11031 6559 8350 597
110310 6559 8350 298 26 67 137 138 139
110311 6857 8350 299 26 141 142 143 206
110312 6559 8052 298 12 52 221
110313 6857 8052 299 12 221
11032 5963 7754 596
11033 6559 7754 597
111 7156 9542 2386
1110 7156 9542 1193
11100 7156 9542 596
111000 7156 9542 298 37 215
111001 7454 9542 298 184 185 186
111002 7156 9244 298 183 205 215 218
111003 7454 9244 298 218
11101 7752 9542 597
111010 7752 9542 298
111011 8050 9542 299
111012 7752 9244 298 218 230
111013 8050 9244 299 218
11102 7156 8946 596
111020 7156 8946 298 215
111021 7454 8946 298
111022 7156 8648 298 65
111023 7454 8648 298 36 65 147
11103 7752 8946 597
111030 7752 8946 298 157
111031 8050 8946 299
111032 7752 8648 298 25 36 64 158
111033 8050 8648 299 25 63 64 151 199 203
1111 8349 9542 1193
11110 8349 9542 596
111100 8349 9542 298 40 187 188 190 216 217
111101 8647 9542 298 39 40 188 189 190 216 217
111102 8349 9244 298 216 217 218 223
111103 8647 9244 298 75 216 217 218
11111 8945 9542 597
111110 8945 9542 298 39
111111 9243 9542 299 11
111112 8945 9244 298 74 75 218
111113 9243 9244 299 11 74 218
11112 8349 8946 596
111120 8349 8946 298
111121 8647 8946 298 79 156
111122 8349 8648 298 15 63 152 204
111123 8647 8648 298 15 63
11113 8945 8946 597
111130 8945 8946 298 79 154 155
111131 9243 8946 299 11 79
111132 8945 8648 298 63
111133 9243 8648 299 11 16 153
1112 7156 8350 1193
11120 7156 8350 596
111200 7156 8350 298 26 65
111201 7454 8350 298 26 36 58 65 144 145
111202 7156 8052 298 12 140
111203 7454 8052 298 12 58 140
11121 7752 8350 597
111210 7752 8350 298 36 59 60 146
111211 8050 8350 299 60 148 149 150 203
111212 7752 8052 298 12 59 60
111213 8050 8052 299 12 60 61
11122 7156 7754 596
11123 7752 7754 597
1113 8349 8350 1193
11130 8349 8350 596
111300 8349 8350 298
111301 8647 8350 298
111302 8349 8052 298 12 22 61
111303 8647 8052 298 12 22
11131 8945 8350 597
111310 8945 8350 298 14 62
111311 9243 8350 299 11 14 16 62
111312 8945 8052 298 13 22 62
111313 9243 8052 299 11 13 62
11132 8349 7754 596
11133 8945 7754 597
112 4771 7157 2385
113 7156 7157 2386
12 0 4771 4771
13 4771 4771 4771
