8 9542 9542
0 1 64 8902 1376 8 0
1 1 80 8998 192 96 0
2 1 464 8998 192 96 0
3 1 848 8998 192 96 0
4 1 1232 8998 192 96 0
5 28 736 8926 8 8 1
6 3 56 9542 8 816 0
7 3 1440 9534 8 808 0
1 0 9542 9542
10 0 9542 4771
100 0 9542 2385
1000 0 9542 1192
10000 0 9542 596
100000 0 9542 298 6
100001 298 9542 298
100002 0 9244 298 1 6
100003 298 9244 298 2
10001 596 9542 596
100010 596 9542 298
100011 894 9542 298
100012 596 9244 298 2 3
100013 894 9244 298 3
10002 0 8946 596
100020 0 8946 298 0 1 6
100021 298 8946 298 0 2
100022 0 8648 298
100023 298 8648 298
10003 596 8946 596
100030 596 8946 298 0 2 3 5
100031 894 8946 298 0 3
100032 596 8648 298
100033 894 8648 298
1001 1192 9542 1193
10010 1192 9542 596
100100 1192 9542 298 7
100101 1490 9542 298
100102 1192 9244 298 4 7
100103 1490 9244 298
10011 1788 9542 597
10012 1192 8946 596
100120 1192 8946 298 0 4 7
100121 1490 8946 298
100122 1192 8648 298
100123 1490 8648 298
10013 1788 8946 597
1002 0 8350 1192
1003 1192 8350 1193
101 2385 9542 2386
102 0 7157 2385
103 2385 7157 2386
11 4771 9542 4771
12 0 4771 4771
13 4771 4771 4771
